8.483395081361104E+04 -2.451844175469960E+05  1.265076985489711E+05
8.409967324758574E+00  8.936994802880729E+00 -5.540300346589594E+00
9.628187381142406E-01 2.886457961077265E+05 -7.547838168743715E+00
-9.939174059798368E+04  3.033246385400928E+05 -1.552424588233164E+05
-2.023850931614853E+01 -4.571139168055367E+00 4.443390879994658E+00
1.183963544558027E+00 3.549433412054435E+05 -1.825682750653622E-01
7.515574108433467E+04 -2.508507313190711E+05  1.295578826301753E+05
1.320885018068500E+01 -4.363058062813893E+00 8.775066583589300E-01
9.745537285855349E-01 2.921638577457223E+05  7.533050636989175E+00
-1.587416370820457E+05  1.614677183226483E+05 -7.389492898831521E+04
3.099519139508793E-01 -3.163430219074334E+00 1.793573648205851E+00
7.944933220949792E-01 2.381831058954395E+05 -2.907553533446760E+00
2.750618161908561E+05 -1.655286006255536E+05  6.385396571444506E+04
4.178280083080924E+00  1.544583219817814E+01 -8.695445773729057E+00
1.091810108244407E+00 3.273164360198368E+05 -5.996278100876643E+00
-2.725622838510271E+05  1.950386980905530E+05 -7.852751768735096E+04
-1.504251477313962E+01 -1.101055467846707E+01 7.447782190787435E+00
1.148240138931476E+00 3.442337336245287E+05  3.973120442228017E+00
2.192112489250668E+05 -1.192700550476068E+05  4.285898657745102E+04
7.572709272073938E+00  8.866644102265442E-01 -1.435175825708256E+00
8.446209804058136E-01 2.532109997942287E+05  5.895321941084959E+00
-2.664084996251218E+05  5.843593405919624E+03  2.233471846938267E+04
7.173939333496020E+00 -6.756729621099774E+00 3.089730400875099E+00
8.919735670100380E-01 2.674069481249670E+05 -7.036742124473753E+00
3.486798866238849E+05  1.075466663607043E+04 -4.021221311926134E+04
-4.061543800197066E+00  1.815061537542494E+01 -9.360273752280118E+00
1.171329440932630E+00 3.511557322249590E+05 -2.405136563870907E+00
-3.119406849178667E+05  9.873513570097228E+03  2.701534441714665E+04
-6.705903194840115E+00 -1.304209561159498E+01 7.716448234891955E+00
1.044936079787520E+00 3.132639558123847E+05  6.931966458442413E+00
2.169661821121717E+05  6.656984018973053E+04 -5.897926867960789E+04
-1.762642574006854E-01  1.285097080739915E+00 -8.704330370316928E-01
7.821663515550963E-01 2.344875730975944E+05  4.206740126041794E-01
-2.201887387007166E+05 -1.795412611378526E+05  1.194793141615099E+05
1.503448736276352E+01 -5.184494777790317E+00 1.447980767671648E+00
1.028078154923747E+00 3.082100770806948E+05 -7.159371135790244E+00
2.658452595543319E+05  1.912709887563914E+05 -1.309000106357743E+05
-1.218658151834755E+01  1.552875551195239E+01 -7.111155455270367E+00
1.176460778394069E+00 3.526940684953512E+05  1.875012589950938E+00
-1.982545301165779E+05 -1.542479402339356E+05  1.056187359108310E+05
4.467285917194967E-01 -9.825716898722362E+00 5.221628043828861E+00
9.089398388283694E-01 2.724933084564807E+05  7.260847580080835E+00
7.034135898385548E+04  2.063201777926522E+05 -1.209837920327767E+05
-5.647027611218499E+00 -3.286580518487882E+00 2.195947415964163E+00
8.315920843237752E-01 2.493050350127678E+05 -5.378878604341049E+00
-4.306912621292405E+04 -2.953473878082709E+05  1.652396747515483E+05
1.958641880551308E+01  9.576107243637134E-01 -2.371437361442870E+00
1.137982542898597E+00 3.411585836966606E+05 -4.450286114507609E+00
6.996689170131428E+04  2.814498643740253E+05 -1.605886884948041E+05
-1.613440432272392E+01  8.881543586791093E+00 -3.072182153188438E+00
1.105794502718969E+00 3.315088520130073E+05  5.623357595125805E+00
6.507662424224709E+03 -2.105651974790664E+05  1.158287103097259E+05
2.732486067390653E+00 -3.305537135971188E+00 1.403014585850682E+00
8.019170990770972E-01 2.404086982445525E+05  3.645136607532511E+00
-1.417734114414912E+05  2.241846479710972E+05 -1.094363372464384E+05
-5.670588192952311E+00 -1.029086791824377E+01 6.049627485533605E+00
9.571300056569592E-01 2.869403570214537E+05 -7.545697178226286E+00
1.722649934771759E+05 -2.793536625839966E+05  1.347581715824745E+05
1.827537520658040E+01  8.635603584864636E+00 -6.443076159440370E+00
1.183440383324204E+00 3.547865014132253E+05 -3.732872062104621E-01
-1.354905762434155E+05  2.347163158649621E+05 -1.141179883969622E+05
-1.406305043335575E+01  1.635281497629375E+00 6.872798043135904E-01
9.808846859475562E-01 2.940618310147759E+05  7.518170784416006E+00
1.916917191790715E+05 -1.297785417751264E+05  5.271709416647963E+04
-9.319948024417704E-01  2.816016048456270E+00 -1.594781094673474E+00
7.919409956058873E-01 2.374179376636561E+05 -2.645909460989375E+00
-3.056230452659568E+05  1.092706177433432E+05 -2.984877847120071E+04
1.265343516965700E-02 -1.588571349376000E+01 8.552451934065418E+00
1.087216661106869E+00 3.259393552117813E+05 -6.120737245785483E+00
3.126898126811443E+05 -1.392720685280199E+05  4.371794704421438E+04
1.165069264540382E+01  1.398967446930487E+01 -8.700902153905741E+00
1.151075934971336E+00 3.450838838897049E+05  3.808628803835759E+00
-2.421324721747372E+05  7.732887926340492E+04 -1.689499911226791E+04
-7.320001737341384E+00 -2.479020516905951E+00 2.252860724575057E+00
8.497268265696130E-01 2.547416939658439E+05  6.055734869249940E+00
2.572476483758492E+05  4.434547345174199E+04 -4.952488667607830E+04
-8.439304280428548E+00  5.056185384236923E+00 -2.070893454121369E+00
8.862741390642153E-01 2.656983026118949E+05 -6.940998356338621E+00
-3.330861758936622E+05 -7.864034637216784E+04  7.598863998392745E+04
8.623518292468695E+00 -1.696720643329502E+01 8.280120289271391E+00
1.169402542851852E+00 3.505780627130071E+05 -2.592497240661684E+00
3.048770183802279E+05  5.110089179489105E+04 -5.988364905091230E+04
3.084214413265074E+00  1.438715092341062E+01 -8.040105583436100E+00
1.050315682610309E+00 3.148767201656925E+05  6.850214893280427E+00
-1.941670530141933E+05 -1.056608666657117E+05  7.867324545687242E+04
2.677048391445949E-01 -1.407141280901570E+00 8.842053058482184E-01
7.826649353375753E-01 2.346370447552628E+05  7.085991421410088E-01
1.668324452911282E+05  2.183366440092900E+05 -1.358348404184119E+05
-1.562665058668175E+01  2.006808909743472E+00 3.255218440566501E-01
1.022443648470804E+00 3.065208945415501E+05 -7.220028564822607E+00
-2.084679383377033E+05 -2.408980307079271E+05  1.522654710422697E+05
1.581391617112698E+01 -1.281631839866221E+01 5.279729124248139E+00
1.177795483402188E+00 3.530942029904401E+05  1.684116586923196E+00